cryptoPair,copyPopularity,roi,pnl,runningTime,direction
BNBUSDT Perpetual,428,1444.54%,4333.63,1y 57d 4h 6m,1y 57d 4h 6m
ADAUSDT Perpetual,847,1381.60%,165.79,64d 3h,64d 3h
ETHUSDT Perpetual,194,1323.73%,3971.19,1y 57d 4h 27m,1y 57d 4h 27m
DOGEUSDT Perpetual,72,1026.17%,178.55,1y 2d 19h 31m,1y 2d 19h 31m
CHZUSDT Perpetual,17,959.66%,2450.51,1y 30d 18h 27m,1y 30d 18h 27m
BAKEUSDT Perpetual,17,915.70%,91.57,50d 19h 11m,50d 19h 11m
ETHUSDT Perpetual,9,892.89%,2205.45,1y 56d 10h 39m,1y 56d 10h 39m
TRXUSDT Perpetual,51,884.00%,185.64,157d 4h 14m,157d 4h 14m
ALICEUSDT Perpetual,11,819.16%,737.25,351d 4h 49m,351d 4h 49m
ANKRUSDT Perpetual,11,776.75%,77.68,322d 13h 48m,322d 13h 48m
UNFIUSDT Perpetual,65,770.78%,154.16,31d 24m,31d 24m
ETHUSDT Perpetual,0,768.43%,2090.13,1y 55d 19h 39m,1y 55d 19h 39m
XMRUSDT Perpetual,7,735.38%,4412.29,160d 6h 25m,160d 6h 25m
BTCUSDT Perpetual,36,640.73%,44.85,1y 34d 12h 11m,1y 34d 12h 11m
XMRUSDT Perpetual,0,634.14%,1268.30,1y 26d 22h 44m,1y 26d 22h 44m
MATICUSDT Perpetual,1,611.56%,42.14,44d 15h 20m,44d 15h 20m
API3USDT Perpetual,19,590.56%,118.11,39d 16h 45m,39d 16h 45m
UNIUSDT Perpetual,0,529.41%,1657.06,1y 29d 18h 13m,1y 29d 18h 13m
BTCUSDT Perpetual,6,513.63%,138.68,23d 10h 20m,23d 10h 20m
BTCUSDT Perpetual,10,513.40%,138.62,23d 10h 20m,23d 10h 20m
CRVUSDT Perpetual,0,502.72%,235.28,32d 20h 11m,32d 20h 11m
GMTUSDT Perpetual,9,501.16%,30.07,19d 9m,19d 9m
BTCUSDT Perpetual,4,448.34%,224.17,1y 88d 15h 21m,1y 88d 15h 21m
LTCUSDT Perpetual,1,443.23%,1325.27,1y 29d 18h 11m,1y 29d 18h 11m
PEOPLEUSDT Perpetual,10,416.61%,34.45,44d 22h 8m,44d 22h 8m
ZECUSDT Perpetual,0,413.58%,206.79,141d 6h 40m,141d 6h 40m
KNCUSDT Perpetual,3,406.41%,406.41,23d 10h 4m,23d 10h 4m
BTCUSDT Perpetual,1,405.26%,43.12,21d 4h 11m,21d 4h 11m
BTCUSDT Perpetual,7,401.22%,266.09,31d 10h 39m,31d 10h 39m
ZRXUSDT Perpetual,9,370.13%,18.51,17d 14h 27m,17d 14h 27m
ADAUSDT Perpetual,1,364.96%,24.60,64d 5h 10m,64d 5h 10m
KNCUSDT Perpetual,0,362.70%,906.76,1y 71d 3h 46m,1y 71d 3h 46m
BLZUSDT Perpetual,0,360.87%,108.26,155d 17h 59m,155d 17h 59m
LTCUSDT Perpetual,0,360.53%,93.27,247d 13h 34m,247d 13h 34m
LINKUSDT Perpetual,1,359.79%,290.72,63d 21h 9m,63d 21h 9m
ETHUSDT Perpetual,0,332.54%,29.93,20d 20h 46m,20d 20h 46m
APEUSDT Perpetual,0,331.09%,33.11,17d 2h 52m,17d 2h 52m
EOSUSDT Perpetual,0,326.83%,653.67,32d 9h 52m,32d 9h 52m
ETHUSDT Perpetual,2,326.29%,52.21,20d 3h 9m,20d 3h 9m
TRXUSDT Perpetual,2,318.77%,408.03,179d 1h 53m,179d 1h 53m
XEMUSDT Perpetual,27,315.37%,63.07,12d 6h 52m,12d 6h 52m
TRXUSDT Perpetual,0,312.78%,156.39,104d 18h 41m,104d 18h 41m
EOSUSDT Perpetual,2,312.45%,93.74,16d 18h 27m,16d 18h 27m
ARUSDT Perpetual,0,308.70%,277.84,141d 6h 44m,141d 6h 44m
AVAXUSDT Perpetual,0,307.43%,676.35,239d 16h 38m,239d 16h 38m
1000SHIBUSDT Perpetual,5,303.92%,30.39,20d 15h 13m,20d 15h 13m
SNXUSDT Perpetual,47,303.85%,18.47,24d 13h 6m,24d 13h 6m
ETHBUSD Perpetual,2,297.43%,5.50,19d 9h 18m,19d 9h 18m
SOLUSDT Perpetual,3,295.40%,24.43,27d 15h 55m,27d 15h 55m
TRBUSDT Perpetual,5,294.42%,151.48,34d 18h 35m,34d 18h 35m
DOTUSDT Perpetual,0,291.47%,15.36,29d 22h 15m,29d 22h 15m
ETHUSDT Perpetual,10,288.44%,41.16,31d 22h 29m,31d 22h 29m
GMTUSDT Perpetual,7,287.82%,431.74,15d 21h 27m,15d 21h 27m
UNIUSDT Perpetual,0,285.90%,48.60,62d 51m,62d 51m
DOTUSDT Perpetual,2,278.18%,840.10,64d 20h 15m,64d 20h 15m
JASMYUSDT Perpetual,0,275.98%,13.25,31d 14h 37m,31d 14h 37m
ALPHAUSDT Perpetual,1,274.30%,7.41,23d 22h 40m,23d 22h 40m
TLMBUSD Perpetual,1,272.30%,408.45,29d 4h 25m,29d 4h 25m
KSMUSDT Perpetual,0,270.28%,454.09,33d 15h 58m,33d 15h 58m
AXSUSDT Perpetual,2,267.34%,140.52,25d 10h 37m,25d 10h 37m
LINKUSDT Perpetual,0,261.71%,1308.56,66d 6h 54m,66d 6h 54m
MASKUSDT Perpetual,0,258.67%,517.36,24d 8h,24d 8h
1000XECUSDT Perpetual,1,254.56%,12.73,22d 5h 48m,22d 5h 48m
BTCBUSD Perpetual,16,253.50%,20.71,27d 1h 38m,27d 1h 38m
IOSTUSDT Perpetual,2,251.89%,14.11,31d 15h 44m,31d 15h 44m
APEBUSD Perpetual,1,249.85%,4.87,19d 9h 20m,19d 9h 20m
SUSHIUSDT Perpetual,1,249.36%,89.77,54d 2h 55m,54d 2h 55m
ATOMUSDT Perpetual,0,247.57%,84.17,234d 3h 4m,234d 3h 4m
1000SHIBUSDT Perpetual,19,246.59%,19.73,22d 5h 54m,22d 5h 54m
MANAUSDT Perpetual,1,244.19%,48.84,34d 20h 4m,34d 20h 4m
BNBUSDT Perpetual,0,242.70%,606.75,1y 80d 2h 19m,1y 80d 2h 19m
BTSUSDT Perpetual,1,241.08%,243.50,54d 9h 42m,54d 9h 42m
BTCUSDT Perpetual,1,238.54%,548.64,18d 20h 37m,18d 20h 37m
ANCBUSD Perpetual,5,238.25%,71.48,25d 12h 15m,25d 12h 15m
SANDUSDT Perpetual,1,234.61%,70.39,46d 15h 53m,46d 15h 53m
ETHUSDT Perpetual,1,228.55%,27.06,31d 9h 30m,31d 9h 30m
LINKUSDT Perpetual,0,224.61%,122.78,22d 15h 48m,22d 15h 48m
DOTUSDT Perpetual,0,224.37%,34.22,22d 16h 10m,22d 16h 10m
SOLBUSD Perpetual,2,223.72%,1118.61,34d 22h 58m,34d 22h 58m
ANTUSDT Perpetual,0,222.83%,33.43,29d 3h 24m,29d 3h 24m
AVAXUSDT Perpetual,1,222.41%,215.75,49d 39m,49d 39m
API3USDT Perpetual,0,219.57%,27.23,15d 18h 24m,15d 18h 24m
MATICUSDT Perpetual,1,218.92%,35.03,51d 22h 13m,51d 22h 13m
SANDUSDT Perpetual,0,218.45%,18.57,50d 13h 27m,50d 13h 27m
GMTUSDT Perpetual,6,218.03%,8.70,32d 5h 13m,32d 5h 13m
MATICUSDT Perpetual,2,216.81%,108.41,50d 23h 7m,50d 23h 7m
NEARUSDT Perpetual,2,215.87%,113.16,25d 11h 12m,25d 11h 12m
PEOPLEUSDT Perpetual,0,215.08%,1075.41,48d 21h 47m,48d 21h 47m
UNFIUSDT Perpetual,0,212.80%,21.28,15d 17h 41m,15d 17h 41m
ADAUSDT Perpetual,0,212.64%,35.34,167d 11h 37m,167d 11h 37m
YFIUSDT Perpetual,0,211.90%,31.79,20d 4h 15m,20d 4h 15m
ZILUSDT Perpetual,0,211.16%,2.32,95d 10h 22m,95d 10h 22m
LINKUSDT Perpetual,1,209.71%,13.99,14d 5h 46m,14d 5h 46m
BTCUSDT Perpetual,2,209.62%,157.87,17d 10h 38m,17d 10h 38m
THETAUSDT Perpetual,0,208.26%,52.07,14d 19m,14d 19m
HNTUSDT Perpetual,1,206.95%,43.46,36d 11h 33m,36d 11h 33m
CRVUSDT Perpetual,0,205.82%,193.23,63d 11h 59m,63d 11h 59m
LITUSDT Perpetual,2,205.15%,1025.72,24d 16h 40m,24d 16h 40m
BTCBUSD Perpetual,1,202.52%,141.76,23d 10h 28m,23d 10h 28m
XRPUSDT Perpetual,17,201.71%,25214.92,1y 53d 17h 17m,1y 53d 17h 17m
ETHUSDT Perpetual,1,200.32%,200.33,23d 15h 41m,23d 15h 41m
BTCBUSD Perpetual,1,199.15%,139.41,23d 10h 27m,23d 10h 27m
ETHUSDT Perpetual,0,198.93%,39.79,29d 10h 38m,29d 10h 38m
STORJUSDT Perpetual,0,198.71%,59.61,25d 30m,25d 30m
ATOMUSDT Perpetual,0,197.71%,318.32,63d 11h 49m,63d 11h 49m
GMTUSDT Perpetual,0,197.36%,986.83,16d 15h 5m,16d 15h 5m
UNIUSDT Perpetual,0,195.43%,529.64,1y 55d 19h 37m,1y 55d 19h 37m
LUNA2BUSD Perpetual,1,194.07%,213.48,31d 1h 3m,31d 1h 3m
ETHUSDT Perpetual,1,194.00%,5.53,20d 17h 45m,20d 17h 45m
DOTUSDT Perpetual,27,192.87%,2.70,11d 2h 50m,11d 2h 50m
LITUSDT Perpetual,0,192.53%,57.76,26d 9h 40m,26d 9h 40m
IOTXUSDT Perpetual,0,192.18%,13.74,30d 19h 31m,30d 19h 31m
1000LUNCBUSD Perpetual,0,186.39%,89.00,15d 4h 49m,15d 4h 49m
XRPUSDT Perpetual,1,183.12%,36.63,35d 21h,35d 21h
LTCUSDT Perpetual,0,182.98%,104.85,64d 19h 51m,64d 19h 51m
LTCUSDT Perpetual,0,182.90%,651.14,1y 41d 22h 48m,1y 41d 22h 48m
AVAXUSDT Perpetual,0,182.64%,103.82,25d 10h 38m,25d 10h 38m
THETAUSDT Perpetual,0,182.26%,183.18,30d 2h 30m,30d 2h 30m
LITUSDT Perpetual,0,181.81%,33.05,26d 3h 13m,26d 3h 13m
1000LUNCBUSD Perpetual,26,181.54%,29.32,13d 13h 2m,13d 13h 2m
LINKUSDT Perpetual,0,180.33%,72.13,26d 8h 27m,26d 8h 27m
SNXUSDT Perpetual,0,180.13%,27.02,24d 19h 56m,24d 19h 56m
BTCBUSD Perpetual,0,178.20%,891.01,19d 1h 4m,19d 1h 4m
XEMUSDT Perpetual,13,176.31%,35.26,11d 22h 44m,11d 22h 44m
SNXUSDT Perpetual,0,175.34%,51.88,17d 1h 15m,17d 1h 15m
ETHUSDT Perpetual,0,174.68%,174.68,25d 12h 36m,25d 12h 36m
XRPUSDT Perpetual,2,174.57%,10.67,31d 23h 8m,31d 23h 8m
XRPUSDT Perpetual,1,173.68%,1.72,27d 11h 33m,27d 11h 33m
BTCUSDT Perpetual,2,173.59%,146.00,8d 15h 40m,8d 15h 40m
BTCUSDT Perpetual,0,172.85%,691.42,23d 7h 12m,23d 7h 12m
CVCUSDT Perpetual,0,172.72%,43.18,31d 2h 36m,31d 2h 36m
LUNA2BUSD Perpetual,4,172.47%,258.72,29d 8h 23m,29d 8h 23m
CHZUSDT Perpetual,0,172.37%,17.24,22d 4h 10m,22d 4h 10m
BTCUSDT Perpetual,0,172.12%,14.37,4d 4h 1m,4d 4h 1m
BATUSDT Perpetual,0,170.03%,20.40,27d 21h 28m,27d 21h 28m
MATICUSDT Perpetual,0,166.87%,32.07,42d 11h 35m,42d 11h 35m
ADAUSDT Perpetual,2,166.42%,2163.54,43d 12h 57m,43d 12h 57m
DOGEUSDT Perpetual,1,165.74%,133.46,33d 8h 23m,33d 8h 23m
SANDUSDT Perpetual,0,165.61%,82.81,53d 15h 13m,53d 15h 13m
BNBBUSD Perpetual,19,165.37%,11.81,31d 23h 44m,31d 23h 44m
CRVUSDT Perpetual,0,164.37%,41.09,48d 17h 45m,48d 17h 45m
XRPBUSD Perpetual,5,164.14%,6.57,196d 7h 46m,196d 7h 46m
KSMUSDT Perpetual,0,164.12%,341.38,64d 20h,64d 20h
ETHUSDT Perpetual,1,164.05%,164.05,14d 1h 35m,14d 1h 35m
TRXUSDT Perpetual,0,163.82%,237.54,121d 18h 52m,121d 18h 52m
ETHBUSD Perpetual,16,163.52%,197.87,28d 22h 16m,28d 22h 16m
BNBBUSD Perpetual,7,162.57%,2093.99,63d 20h 41m,63d 20h 41m
ETHBUSD Perpetual,3,162.07%,21.15,28d 3h 27m,28d 3h 27m
DOGEUSDT Perpetual,0,161.77%,23.30,50d 14m,50d 14m
LINKUSDT Perpetual,1,161.05%,24.21,12d 23h 40m,12d 23h 40m
SANDUSDT Perpetual,0,160.73%,241.10,14d 7h 16m,14d 7h 16m
KAVAUSDT Perpetual,9,160.44%,5.94,11d 6h 15m,11d 6h 15m
BTCUSDT Perpetual,0,159.97%,24.00,17d 1h 36m,17d 1h 36m
STORJUSDT Perpetual,0,158.36%,4.75,11d 19h 7m,11d 19h 7m
ETHBUSD Perpetual,0,158.09%,316.19,25d 12h 40m,25d 12h 40m
1000LUNCBUSD Perpetual,6,157.96%,15796.27,17d 1h 27m,17d 1h 27m
OGNUSDT Perpetual,0,157.71%,27.60,16d 16h 35m,16d 16h 35m
MATICUSDT Perpetual,0,155.41%,73.05,42d 42m,42d 42m
BTCBUSD Perpetual,7,155.13%,221.84,26d 11h 20m,26d 11h 20m
ADABUSD Perpetual,0,152.93%,1969.79,62d 18h 33m,62d 18h 33m
ADAUSDT Perpetual,0,152.63%,38.16,15d 9h 23m,15d 9h 23m
CHZUSDT Perpetual,0,150.45%,57.23,57d 7h 9m,57d 7h 9m
ETHUSDT Perpetual,0,149.63%,16.46,29d 22h 15m,29d 22h 15m
1000SHIBUSDT Perpetual,0,149.61%,19.51,20d 21h 41m,20d 21h 41m
APEUSDT Perpetual,0,149.04%,16.39,18d 9h 56m,18d 9h 56m
TLMBUSD Perpetual,0,148.87%,37.22,35d 29m,35d 29m
PEOPLEUSDT Perpetual,0,148.50%,32.12,24d 13h 36m,24d 13h 36m
CHZUSDT Perpetual,0,147.66%,77.32,20d 16h 1m,20d 16h 1m
ZENUSDT Perpetual,0,147.60%,391.16,1y 65d 3h 29m,1y 65d 3h 29m
ETHUSDT Perpetual,0,147.25%,68.62,31d 12h 20m,31d 12h 20m
APEBUSD Perpetual,0,146.52%,121.75,15d 2h 57m,15d 2h 57m
LITUSDT Perpetual,0,145.95%,364.90,27d 1h 53m,27d 1h 53m
REEFUSDT Perpetual,0,144.89%,20.28,52d 23h 24m,52d 23h 24m
SOLUSDT Perpetual,0,144.45%,72.23,26d 9h 41m,26d 9h 41m
XRPUSDT Perpetual,0,142.51%,7.13,25d 22h 5m,25d 22h 5m
ADAUSDT Perpetual,0,141.73%,8.50,14d 3h 42m,14d 3h 42m
1000LUNCBUSD Perpetual,0,141.57%,14157.57,17d 1h 39m,17d 1h 39m
WAVESUSDT Perpetual,0,141.56%,141.57,62d 11h 38m,62d 11h 38m
XRPUSDT Perpetual,0,141.19%,44.48,1y 43d 4h 21m,1y 43d 4h 21m
WAVESUSDT Perpetual,0,141.19%,705.97,26d 21h 13m,26d 21h 13m
AVAXBUSD Perpetual,0,141.15%,423.47,18d 20h 13m,18d 20h 13m
LUNA2BUSD Perpetual,2,141.15%,6.20,34d 3h 25m,34d 3h 25m
MTLUSDT Perpetual,0,140.21%,42.06,25d 5h 42m,25d 5h 42m
AUDIOUSDT Perpetual,4,140.13%,28.03,21d 14h 1m,21d 14h 1m
ALGOUSDT Perpetual,1,139.41%,90.62,33d 19h 52m,33d 19h 52m
TLMBUSD Perpetual,0,137.83%,33.63,17d 5h 34m,17d 5h 34m
1000SHIBUSDT Perpetual,1,136.77%,34.19,23d 17h 25m,23d 17h 25m
BTCUSDT Perpetual,0,136.37%,6.82,17d 4h 14m,17d 4h 14m
SNXUSDT Perpetual,0,135.51%,29.81,16d 8h 37m,16d 8h 37m
FTMBUSD Perpetual,0,134.87%,14.84,37d 9h 11m,37d 9h 11m
ANCBUSD Perpetual,2,134.74%,13474.95,25d 6h 51m,25d 6h 51m
LINAUSDT Perpetual,0,132.63%,596.85,43d 18h 54m,43d 18h 54m
DOTUSDT Perpetual,0,131.71%,97.27,30d 5h 10m,30d 5h 10m
AXSUSDT Perpetual,0,131.48%,184.08,29d 7h 46m,29d 7h 46m
XRPUSDT Perpetual,0,131.39%,1.97,20d 1h 38m,20d 1h 38m
DODOBUSD Perpetual,0,131.24%,1312.43,32d 1h 22m,32d 1h 22m
RVNUSDT Perpetual,0,130.97%,13.10,28d 11h 29m,28d 11h 29m
UNFIUSDT Perpetual,0,130.94%,5.24,11d 9h 17m,11d 9h 17m
UNFIUSDT Perpetual,2,130.47%,26.10,11d 18h 41m,11d 18h 41m
1000SHIBUSDT Perpetual,0,130.17%,131.61,23d 14h 58m,23d 14h 58m
SOLUSDT Perpetual,1,130.08%,195.13,14d 5h 25m,14d 5h 25m
SOLBUSD Perpetual,0,129.79%,1168.16,20d 10h 12m,20d 10h 12m
BNBUSDT Perpetual,0,129.78%,6.75,22d 8h 11m,22d 8h 11m
GMTBUSD Perpetual,3,129.71%,2.72,20d 22h 42m,20d 22h 42m
DOTUSDT Perpetual,0,129.49%,6.20,9d 1h 3m,9d 1h 3m
SNXUSDT Perpetual,0,129.31%,32.15,10d 12h 45m,10d 12h 45m
SOLUSDT Perpetual,0,129.19%,21.51,18d 13h 35m,18d 13h 35m
ADAUSDT Perpetual,0,129.19%,26.43,29d 20h 22m,29d 20h 22m
ETHUSDT Perpetual,0,128.79%,326.19,24d 15m,24d 15m
TLMBUSD Perpetual,0,128.61%,128.62,14d 22h 57m,14d 22h 57m
ETHBUSD Perpetual,0,128.51%,24.42,17d 5h 58m,17d 5h 58m
PEOPLEUSDT Perpetual,6,128.21%,2564.27,17d 17h 32m,17d 17h 32m
MATICUSDT Perpetual,0,127.88%,6.39,1y 51d 14h 41m,1y 51d 14h 41m
ANTUSDT Perpetual,0,127.31%,8.91,28d 19h 9m,28d 19h 9m
SOLBUSD Perpetual,0,127.22%,123.09,40d 17h 55m,40d 17h 55m
1000SHIBUSDT Perpetual,0,126.93%,9520.30,19d 7h 35m,19d 7h 35m
PEOPLEUSDT Perpetual,1,126.51%,253.80,53d 17h 53m,53d 17h 53m
UNFIUSDT Perpetual,0,126.42%,252.84,28d 13h 51m,28d 13h 51m
BNXUSDT Perpetual,2,126.29%,9471.79,31d 16h 44m,31d 16h 44m
1000SHIBUSDT Perpetual,0,126.16%,13.16,45d 15h 33m,45d 15h 33m
DODOBUSD Perpetual,0,125.97%,15.85,17d 5h 32m,17d 5h 32m
TRXUSDT Perpetual,0,125.91%,250.57,64d 20h 49m,64d 20h 49m
ALICEUSDT Perpetual,0,125.71%,628.55,63d 20h,63d 20h
SKLUSDT Perpetual,0,125.70%,44.00,31d 11h 25m,31d 11h 25m
WAVESUSDT Perpetual,0,125.43%,75.26,25d 15h 55m,25d 15h 55m
BTCBUSD Perpetual,0,125.42%,94.27,31d 10h 22m,31d 10h 22m
ETHBUSD Perpetual,0,125.02%,25.00,17d 16h 55m,17d 16h 55m
BTCBUSD Perpetual,0,124.97%,249.94,25d 12h 45m,25d 12h 45m
DODOBUSD Perpetual,2,124.40%,12440.92,48d 1h 52m,48d 1h 52m
SOLBUSD Perpetual,0,124.23%,124.23,28d 13h 7m,28d 13h 7m
MATICUSDT Perpetual,0,124.15%,12.42,15h 28m,15h 28m
ETHUSDT Perpetual,1,123.96%,12.51,31d 13h 11m,31d 13h 11m
BNBUSDT Perpetual,3,123.09%,42.86,31d 12h 27m,31d 12h 27m
BTCBUSD Perpetual,0,122.57%,1225.74,24d 16h 55m,24d 16h 55m
WAVESUSDT Perpetual,0,121.98%,60.99,45d 18h 3m,45d 18h 3m
PEOPLEUSDT Perpetual,0,121.49%,243.00,33d 6h 14m,33d 6h 14m
CELRUSDT Perpetual,0,120.62%,96.50,168d 5h 23m,168d 5h 23m
LINKUSDT Perpetual,1,120.39%,6.89,9d 1h 4m,9d 1h 4m
GTCUSDT Perpetual,0,120.13%,840.93,48d 1h 52m,48d 1h 52m
BTCUSDT Perpetual,0,120.11%,24.95,24d 17h 12m,24d 17h 12m
LTCUSDT Perpetual,0,119.24%,23.85,28d 17h 37m,28d 17h 37m
BTCBUSD Perpetual,0,119.16%,171.59,27d 18h 55m,27d 18h 55m
DOTUSDT Perpetual,0,119.05%,61.91,21d 9h 58m,21d 9h 58m
APEBUSD Perpetual,0,119.04%,13.82,13d 14h 4m,13d 14h 4m
ADAUSDT Perpetual,0,119.01%,35.71,1y 59d 2h 47m,1y 59d 2h 47m
PEOPLEUSDT Perpetual,0,118.76%,23.75,23d 15h 42m,23d 15h 42m
ETHUSDT Perpetual,0,118.71%,47.49,29d 17h 14m,29d 17h 14m
AAVEUSDT Perpetual,0,118.33%,14792.41,1y 45d 20h 28m,1y 45d 20h 28m
BTCUSDT Perpetual,0,118.04%,141.65,31d 17h 21m,31d 17h 21m
XMRUSDT Perpetual,0,117.95%,172.22,121d 18h 56m,121d 18h 56m
ETHBUSD Perpetual,1,117.65%,195.31,30d 14m,30d 14m
1000SHIBUSDT Perpetual,0,117.59%,3.53,20d 1h 7m,20d 1h 7m
STMXUSDT Perpetual,0,117.56%,117.56,14d 6h 36m,14d 6h 36m
ETHUSDT Perpetual,1,117.42%,29.36,27d 15h 38m,27d 15h 38m
ETHBUSD Perpetual,0,116.99%,22.23,16d 10h 9m,16d 10h 9m
BNBUSDT Perpetual,0,116.95%,3.51,46d 16h 2m,46d 16h 2m
ETHUSDT Perpetual,0,116.90%,233.81,15d 18h 14m,15d 18h 14m
SANDUSDT Perpetual,0,116.61%,583.09,32d 5h 40m,32d 5h 40m
ETCUSDT Perpetual,0,115.75%,170.16,121d 18h 54m,121d 18h 54m
GMTUSDT Perpetual,0,115.38%,84.23,54d 2h 49m,54d 2h 49m
ATOMUSDT Perpetual,0,115.06%,536.69,29d 14h 44m,29d 14h 44m
CVCUSDT Perpetual,0,113.96%,17.09,139d 17h 25m,139d 17h 25m
ADABUSD Perpetual,0,113.96%,19.37,62d 31m,62d 31m
1000SHIBUSDT Perpetual,0,113.80%,11.46,23d 8h 51m,23d 8h 51m
BNBUSDT Perpetual,0,113.60%,7.75,18d 19h 54m,18d 19h 54m
NEOUSDT Perpetual,0,113.58%,1419.84,64d 15h 53m,64d 15h 53m
XRPUSDT Perpetual,0,113.56%,56.78,14d 9h 30m,14d 9h 30m
DODOBUSD Perpetual,0,112.74%,394.59,34d 4h 51m,34d 4h 51m
LTCUSDT Perpetual,0,112.68%,753.85,61d 18h 6m,61d 18h 6m
1000SHIBUSDT Perpetual,0,112.40%,224.81,22d 5h 44m,22d 5h 44m
ETHUSDT Perpetual,0,111.67%,558.40,20d 20h 57m,20d 20h 57m
ETHUSDT Perpetual,0,111.62%,56.93,21d 22h 53m,21d 22h 53m
GRTUSDT Perpetual,0,111.61%,44.65,48d 22h 2m,48d 22h 2m
MANAUSDT Perpetual,0,111.61%,30.09,61d 17h 56m,61d 17h 56m
ICPBUSD Perpetual,0,111.59%,1115.94,34d 22h 42m,34d 22h 42m
BTCUSDT Perpetual,0,111.54%,390.41,20d 20h 16m,20d 20h 16m
GALUSDT Perpetual,0,110.95%,166.43,15d 19h 29m,15d 19h 29m
BTCBUSD Perpetual,0,110.86%,1104.71,26d 5h 30m,26d 5h 30m
ETHBUSD Perpetual,0,110.79%,33.24,10d 5h 17m,10d 5h 17m
ICPBUSD Perpetual,0,110.66%,1383.36,34d 22h 29m,34d 22h 29m
BTCUSDT Perpetual,0,110.66%,14.39,4d 16h 57m,4d 16h 57m
AVAXBUSD Perpetual,0,110.41%,165.62,29d 4h 52m,29d 4h 52m
YFIUSDT Perpetual,0,109.77%,11.27,20d 16h 53m,20d 16h 53m
DOGEBUSD Perpetual,0,109.72%,15.90,173d 15h 4m,173d 15h 4m
ETHUSDT Perpetual,0,108.77%,16.23,30d 5h 46m,30d 5h 46m
ADAUSDT Perpetual,11,108.37%,21.67,8d 13h 35m,8d 13h 35m
AXSUSDT Perpetual,0,108.20%,18.39,10d 16h 25m,10d 16h 25m
BTCBUSD Perpetual,0,107.70%,54.50,23d 13h 29m,23d 13h 29m
ADABUSD Perpetual,1,107.30%,321.90,37d 13h 22m,37d 13h 22m
1000LUNCBUSD Perpetual,0,106.03%,159.05,4h 53m,4h 53m
BTCUSDT Perpetual,0,105.62%,12.67,3d 18h 58m,3d 18h 58m
ETHBUSD Perpetual,0,105.46%,102.30,31d 7h 51m,31d 7h 51m
ETHBUSD Perpetual,0,105.44%,527.22,22d 21h 34m,22d 21h 34m
BNBUSDT Perpetual,0,104.87%,15.97,7d 21h 14m,7d 21h 14m
1000LUNCBUSD Perpetual,0,104.86%,15.73,7d 22h 35m,7d 22h 35m
WAVESUSDT Perpetual,0,104.37%,15.66,13d 9h 46m,13d 9h 46m
DOTBUSD Perpetual,0,103.83%,311.50,36d 14h 30m,36d 14h 30m
BTCUSDT Perpetual,0,103.82%,31.26,29d 20h 21m,29d 20h 21m
BNBUSDT Perpetual,0,103.79%,103.80,22d 56m,22d 56m
LINKUSDT Perpetual,1,103.61%,46.63,4d 23h 17m,4d 23h 17m
BTCUSDT Perpetual,0,103.19%,1341.48,26d 21h 51m,26d 21h 51m
BTCUSDT Perpetual,0,102.85%,1439.97,26d 22h 2m,26d 22h 2m
ADAUSDT Perpetual,0,102.59%,18.49,27d 16h 37m,27d 16h 37m
ADAUSDT Perpetual,0,102.57%,7.26,14d 16h 14m,14d 16h 14m
ADAUSDT Perpetual,1,102.30%,51.15,32d 26m,32d 26m
GMTBUSD Perpetual,0,102.22%,460.03,19d 4h 2m,19d 4h 2m
ADAUSDT Perpetual,0,102.21%,63.20,25d 17h 56m,25d 17h 56m
ETHUSDT Perpetual,0,102.11%,1092.61,26d 21h 49m,26d 21h 49m
PEOPLEUSDT Perpetual,0,102.03%,69.38,25d 8h 53m,25d 8h 53m
DOGEUSDT Perpetual,0,101.92%,50.96,30d 7h 58m,30d 7h 58m
BTCUSDT Perpetual,0,101.86%,50.93,15d 17h 29m,15d 17h 29m
ETHUSDT Perpetual,0,101.83%,1374.80,26d 21h 58m,26d 21h 58m
GALAUSDT Perpetual,0,101.60%,4.46,19d 18h 5m,19d 18h 5m
XRPUSDT Perpetual,0,101.38%,608.29,160d 6h 36m,160d 6h 36m
GALBUSD Perpetual,0,100.93%,252.33,29d 16h 41m,29d 16h 41m
1000SHIBUSDT Perpetual,0,100.70%,45.13,23d 18h 47m,23d 18h 47m
DUSKUSDT Perpetual,0,100.69%,251.74,31d 6h 26m,31d 6h 26m
BTCUSDT Perpetual,0,100.66%,251.66,17d 17h 46m,17d 17h 46m
BELUSDT Perpetual,0,100.43%,100.43,17d 4h 18m,17d 4h 18m
OCEANUSDT Perpetual,0,99.73%,39.89,29d 4h 28m,29d 4h 28m
ETHUSDT Perpetual,0,99.42%,99.42,20d 17h 13m,20d 17h 13m
GMTUSDT Perpetual,0,99.29%,70.50,18d 22h 9m,18d 22h 9m
EOSUSDT Perpetual,0,99.22%,14.88,31d 23h 20m,31d 23h 20m
ADAUSDT Perpetual,0,98.78%,469.67,17d 4h 28m,17d 4h 28m
LINKUSDT Perpetual,1,98.48%,492.41,67d 6h 30m,67d 6h 30m
ADABUSD Perpetual,0,98.46%,19.69,31d 14h 3m,31d 14h 3m
ZILUSDT Perpetual,2,98.40%,8.36,16d 16h 58m,16d 16h 58m
1INCHUSDT Perpetual,0,98.37%,49.45,24d 18h 27m,24d 18h 27m
1000LUNCBUSD Perpetual,0,98.21%,982.14,16d 2h 4m,16d 2h 4m
LINKUSDT Perpetual,1,98.17%,4.91,8d 22h 2m,8d 22h 2m
WAVESUSDT Perpetual,0,97.93%,244.84,1y 70d 3h 17m,1y 70d 3h 17m
TRXBUSD Perpetual,0,97.78%,195.56,30d 21h 18m,30d 21h 18m
ADAUSDT Perpetual,0,97.42%,1.04,12d 6h 45m,12d 6h 45m
LUNA2BUSD Perpetual,0,96.97%,351.54,27d 14h 5m,27d 14h 5m
DARUSDT Perpetual,0,96.93%,48.47,22d 22h 33m,22d 22h 33m
VETUSDT Perpetual,0,96.81%,5.27,31d 13h 51m,31d 13h 51m
SOLBUSD Perpetual,2,96.60%,51.22,26d 7h 54m,26d 7h 54m
LUNA2BUSD Perpetual,0,96.55%,106.21,25d 2h 5m,25d 2h 5m
ICPBUSD Perpetual,0,96.35%,144.53,24d 5h 47m,24d 5h 47m
BTCBUSD Perpetual,0,95.71%,67.96,29d 5h 3m,29d 5h 3m
DOGEBUSD Perpetual,2,95.71%,139.74,32d 5h 32m,32d 5h 32m
BNBUSDT Perpetual,0,95.70%,127.60,14d 1h 27m,14d 1h 27m
ATAUSDT Perpetual,0,95.53%,191.08,13d 16h 38m,13d 16h 38m
DOTUSDT Perpetual,0,95.36%,953.69,332d 44m,332d 44m
APEUSDT Perpetual,0,94.98%,137.73,17d 19h 17m,17d 19h 17m
AXSUSDT Perpetual,0,94.97%,2944.24,41d 1h 48m,41d 1h 48m
AVAXBUSD Perpetual,0,94.47%,14.17,29d 22h 50m,29d 22h 50m
HNTUSDT Perpetual,0,94.45%,14.17,14d 20h 45m,14d 20h 45m
ETHUSDT Perpetual,0,94.32%,0.92,3d 11h 48m,3d 11h 48m
ETHUSDT Perpetual,0,94.31%,1381.61,26d 13h 18m,26d 13h 18m
STORJUSDT Perpetual,0,94.28%,20.74,26d 3h 8m,26d 3h 8m
GALAUSDT Perpetual,0,94.00%,19.74,14d 3h 43m,14d 3h 43m
LTCUSDT Perpetual,0,94.00%,940.00,228d 18h 33m,228d 18h 33m
ETHUSDT Perpetual,0,93.91%,14.09,16d 16h 38m,16d 16h 38m
MANAUSDT Perpetual,0,93.61%,74.90,28d 21h 49m,28d 21h 49m
ONEUSDT Perpetual,0,93.11%,10.24,6d 21m,6d 21m
CHZUSDT Perpetual,0,92.99%,7.44,4d 9h 22m,4d 9h 22m
SOLUSDT Perpetual,0,92.49%,1182.34,14d 3h 46m,14d 3h 46m
MATICUSDT Perpetual,0,92.34%,646.43,22d 17h 44m,22d 17h 44m
LTCUSDT Perpetual,0,92.24%,54.42,32d 19h 56m,32d 19h 56m
NEARBUSD Perpetual,1,92.16%,184.34,13d 14h 3m,13d 14h 3m
DOTUSDT Perpetual,0,91.97%,22.99,9d 8h 1m,9d 8h 1m
ETHUSDT Perpetual,0,91.92%,13.78,7d 20h 1m,7d 20h 1m
WAVESUSDT Perpetual,1,91.87%,918.71,226d 9h 54m,226d 9h 54m
MATICUSDT Perpetual,0,91.76%,11.80,21d 4h 33m,21d 4h 33m
BTCUSDT Perpetual,0,91.52%,19.82,234d 1h 1m,234d 1h 1m
1000SHIBUSDT Perpetual,0,91.02%,45.51,23d 5h 57m,23d 5h 57m
SUSHIUSDT Perpetual,0,90.95%,2.53,255d 10h 50m,255d 10h 50m
1000LUNCBUSD Perpetual,0,90.66%,7.36,13d 14h 56m,13d 14h 56m
CHRUSDT Perpetual,0,90.57%,452.89,63d 14h 7m,63d 14h 7m
APEBUSD Perpetual,0,90.55%,1131.93,24d 5h 28m,24d 5h 28m
XTZUSDT Perpetual,0,90.55%,135.83,10d 16h 26m,10d 16h 26m
HNTUSDT Perpetual,0,90.46%,36.18,46d 15h 54m,46d 15h 54m
ETHBUSD Perpetual,0,90.42%,135.09,26d 10h 5m,26d 10h 5m
EOSUSDT Perpetual,0,90.04%,90.05,32d 17h 55m,32d 17h 55m
NEARUSDT Perpetual,0,89.88%,51.23,30d 1h 15m,30d 1h 15m
SANDUSDT Perpetual,0,89.60%,26.88,19d 17h 46m,19d 17h 46m
1000SHIBUSDT Perpetual,0,89.56%,26.87,24d 22h 8m,24d 22h 8m
XRPUSDT Perpetual,0,89.41%,3.13,6d 16h 6m,6d 16h 6m
GALAUSDT Perpetual,0,89.12%,306.99,32d 55m,32d 55m
MTLUSDT Perpetual,0,89.04%,56.10,29d 10h 26m,29d 10h 26m
BNXUSDT Perpetual,1,89.04%,6678.28,29d 18h 27m,29d 18h 27m
FTMUSDT Perpetual,0,89.02%,178.06,19d 8h 57m,19d 8h 57m
FTMBUSD Perpetual,0,88.66%,16.85,23d 4h 32m,23d 4h 32m
BELUSDT Perpetual,0,88.57%,566.87,41d 10h 40m,41d 10h 40m
MANAUSDT Perpetual,0,88.48%,9.73,13d 2h 40m,13d 2h 40m
FILUSDT Perpetual,0,88.36%,3313.77,40d 17h 37m,40d 17h 37m
LINAUSDT Perpetual,0,88.35%,618.52,36d 23h 45m,36d 23h 45m
SANDUSDT Perpetual,0,88.14%,13.22,16d 14h 20m,16d 14h 20m
ETHUSDT Perpetual,0,88.02%,22.01,24d 14h 8m,24d 14h 8m
FILUSDT Perpetual,0,87.91%,43.96,13d 4h 12m,13d 4h 12m
ADAUSDT Perpetual,0,87.66%,105.12,10d 13h 5m,10d 13h 5m
BTCBUSD Perpetual,0,87.14%,191.89,211d 7h 32m,211d 7h 32m
C98USDT Perpetual,0,87.07%,261.24,16d 14h 38m,16d 14h 38m
UNFIUSDT Perpetual,0,86.82%,26.05,7d 7h 14m,7d 7h 14m
IMXUSDT Perpetual,0,86.73%,69.39,54d 7h 39m,54d 7h 39m
DYDXUSDT Perpetual,0,86.67%,260.03,10d 6h 17m,10d 6h 17m
1000LUNCBUSD Perpetual,0,86.63%,1082.91,17d 19h 37m,17d 19h 37m
1000SHIBUSDT Perpetual,0,86.40%,8.64,22d 19h 48m,22d 19h 48m
ETCUSDT Perpetual,0,86.31%,25.89,61d 3h 31m,61d 3h 31m
ADABUSD Perpetual,0,85.96%,77.31,60d 6h 3m,60d 6h 3m
BNBUSDT Perpetual,0,85.79%,471.90,168d 21h 18m,168d 21h 18m
BTCUSDT Perpetual,0,85.48%,16.24,21d 13h 37m,21d 13h 37m
ATOMUSDT Perpetual,0,85.27%,8.53,13d 4h 35m,13d 4h 35m
ETHUSDT Perpetual,0,85.26%,497.11,33d 15h 29m,33d 15h 29m
FTMUSDT Perpetual,0,85.08%,1276.26,23d 17h 54m,23d 17h 54m
LINKUSDT Perpetual,0,84.96%,169.94,19d 20h 16m,19d 20h 16m
XMRUSDT Perpetual,0,84.87%,848.73,262d 19m,262d 19m
CHZUSDT Perpetual,0,84.83%,5.31,4d 57m,4d 57m
BTCUSDT Perpetual,0,84.50%,22.82,5d 7h 2m,5d 7h 2m
ETHUSDT Perpetual,0,84.44%,1688.99,168d 20h 59m,168d 20h 59m
DENTUSDT Perpetual,0,84.30%,843.02,32d 2h 55m,32d 2h 55m
KAVAUSDT Perpetual,0,84.29%,210.73,1y 69d 5h 6m,1y 69d 5h 6m
ONEUSDT Perpetual,0,84.26%,22.73,5d 23h 46m,5d 23h 46m
ICPBUSD Perpetual,0,84.05%,45.00,5d 17h 58m,5d 17h 58m
ICPBUSD Perpetual,0,83.92%,13.43,5d 19h 20m,5d 19h 20m
BTCUSDT Perpetual,0,83.89%,167.78,1d 23h 46m,1d 23h 46m
BTCDOMUSDT Perpetual,0,83.79%,3.85,63d 23h 5m,63d 23h 5m
GALUSDT Perpetual,0,83.70%,7.53,17d 1h 41m,17d 1h 41m
BTCUSDT Perpetual,0,83.56%,33.42,26d 11h 59m,26d 11h 59m
XRPBUSD Perpetual,0,83.20%,12.48,27d 17h 39m,27d 17h 39m
GALUSDT Perpetual,0,82.78%,1034.76,48d 6h 22m,48d 6h 22m
ICPBUSD Perpetual,0,82.44%,400.53,26d 9h 25m,26d 9h 25m
CHRUSDT Perpetual,0,82.21%,328.84,31d 22h 47m,31d 22h 47m
BELUSDT Perpetual,0,82.12%,18.17,29d 3h 18m,29d 3h 18m
SRMUSDT Perpetual,2,81.94%,819.48,16d 13h 57m,16d 13h 57m
MTLUSDT Perpetual,0,81.93%,81.93,33d 21h 35m,33d 21h 35m
APEBUSD Perpetual,0,81.52%,20.36,13d 10h 40m,13d 10h 40m
LTCUSDT Perpetual,0,81.35%,4.53,8d 3h 50m,8d 3h 50m
GALAUSDT Perpetual,0,81.24%,389.96,54d 1h 15m,54d 1h 15m
DODOBUSD Perpetual,0,81.23%,81.23,8d 18h 30m,8d 18h 30m
GMTBUSD Perpetual,1,80.80%,25.86,25d 3h 34m,25d 3h 34m
ETHUSDT Perpetual,0,80.38%,160.78,24d 20h 11m,24d 20h 11m
1000LUNCBUSD Perpetual,0,80.32%,803.24,17d 20h 22m,17d 20h 22m
GMTUSDT Perpetual,0,80.05%,3202.17,17d 14h 53m,17d 14h 53m
XRPUSDT Perpetual,0,79.75%,7975.22,61d 16h 47m,61d 16h 47m
ENSUSDT Perpetual,0,79.70%,134.70,63d 18h 49m,63d 18h 49m
BNBUSDT Perpetual,0,79.61%,7264.90,23d 4h 49m,23d 4h 49m
XTZUSDT Perpetual,1,79.58%,5.33,4d 58m,4d 58m
GMTUSDT Perpetual,0,79.24%,489.33,65d 10h 33m,65d 10h 33m
DOTUSDT Perpetual,1,79.04%,45.27,1d 18h 26m,1d 18h 26m
XRPUSDT Perpetual,0,79.04%,4.24,12d 16h 51m,12d 16h 51m
BCHUSDT Perpetual,0,79.01%,105.35,2d 8h 29m,2d 8h 29m
PEOPLEUSDT Perpetual,0,78.94%,12.69,29d 16h 11m,29d 16h 11m
GALAUSDT Perpetual,1,78.67%,11.80,35d 17h 17m,35d 17h 17m
ICPBUSD Perpetual,0,78.63%,19.49,18d 2h 40m,18d 2h 40m
ETHUSDT Perpetual,0,78.53%,46.73,15d 16h 39m,15d 16h 39m
DOTUSDT Perpetual,0,78.43%,35.30,9d 2h 46m,9d 2h 46m
MATICUSDT Perpetual,0,78.34%,65.68,27d 4h 56m,27d 4h 56m
ROSEUSDT Perpetual,0,78.20%,11.73,23d 6h 17m,23d 6h 17m
BTCUSDT Perpetual,0,78.06%,51.64,21d 23h 5m,21d 23h 5m
BNBBUSD Perpetual,0,77.89%,285.10,32d 8m,32d 8m
BTCUSDT Perpetual,0,77.83%,136.20,14d 8h 34m,14d 8h 34m
GMTUSDT Perpetual,1,77.75%,699.83,22d 18h 6m,22d 18h 6m
UNFIUSDT Perpetual,0,77.75%,77.75,7d 20h 42m,7d 20h 42m
GMTUSDT Perpetual,0,77.72%,87.86,10d 38m,10d 38m
BNBUSDT Perpetual,0,77.69%,233.07,29d 18h 50m,29d 18h 50m
NEARUSDT Perpetual,0,77.59%,387.98,19d 23h 8m,19d 23h 8m
LINKUSDT Perpetual,0,77.57%,38.79,32d 11h 48m,32d 11h 48m
BTCBUSD Perpetual,0,77.33%,19.33,22d 20h 15m,22d 20h 15m
GALABUSD Perpetual,0,77.31%,115.97,29d 4h 26m,29d 4h 26m
LUNA2BUSD Perpetual,0,77.28%,309.14,36d 14h 43m,36d 14h 43m
TOMOUSDT Perpetual,0,77.18%,154.37,28d 15h 31m,28d 15h 31m
XRPUSDT Perpetual,1,77.07%,19.27,31d 23h 15m,31d 23h 15m
KAVAUSDT Perpetual,0,76.99%,384.99,54d 3h 52m,54d 3h 52m
MATICUSDT Perpetual,0,76.79%,230.39,3d 9h 15m,3d 9h 15m
1000SHIBUSDT Perpetual,0,76.69%,732.00,50d 16h 9m,50d 16h 9m
NEARBUSD Perpetual,0,76.66%,574.95,18d 23h 59m,18d 23h 59m
ROSEUSDT Perpetual,0,76.60%,10.79,23d 7h 25m,23d 7h 25m
ETCUSDT Perpetual,0,76.52%,34.44,9d 2h 37m,9d 2h 37m
ADAUSDT Perpetual,0,76.13%,38.07,31d 3h 34m,31d 3h 34m
XTZUSDT Perpetual,0,76.12%,22.84,12d 1h 46m,12d 1h 46m
SKLUSDT Perpetual,0,76.07%,8.37,6d 6h 25m,6d 6h 25m
GMTUSDT Perpetual,0,76.04%,760.41,65d 19h 24m,65d 19h 24m
AVAXBUSD Perpetual,0,75.98%,136.53,16d 1h 55m,16d 1h 55m
FLMUSDT Perpetual,1,75.92%,46.31,1d 16h 29m,1d 16h 29m
SRMUSDT Perpetual,0,75.91%,926.11,16d 43m,16d 43m
BTCUSDT Perpetual,0,75.82%,75.82,26d 54m,26d 54m
DOGEBUSD Perpetual,0,75.81%,22.74,25d 31m,25d 31m
API3USDT Perpetual,0,75.68%,151.38,29d 3h 38m,29d 3h 38m
UNFIUSDT Perpetual,1,75.67%,75.67,12d 19h 54m,12d 19h 54m
UNFIUSDT Perpetual,0,75.60%,4914.15,36d 5h 55m,36d 5h 55m
AXSUSDT Perpetual,0,75.56%,22.67,14d 9h 30m,14d 9h 30m
ETHBUSD Perpetual,0,75.52%,188.82,2d 23h 21m,2d 23h 21m
XMRUSDT Perpetual,0,75.51%,453.09,54d 3h 48m,54d 3h 48m
BNBUSDT Perpetual,0,75.32%,60.26,25d 21h 23m,25d 21h 23m
DOTUSDT Perpetual,0,75.26%,37.63,31d 3h 33m,31d 3h 33m
BTCUSDT Perpetual,9,75.16%,30065.92,49d 16h 58m,49d 16h 58m
SANDUSDT Perpetual,0,74.84%,5.24,9d 18h 41m,9d 18h 41m
NEOUSDT Perpetual,0,74.71%,186.80,31d 7h 28m,31d 7h 28m
XRPUSDT Perpetual,0,74.70%,31.34,15d 9h 48m,15d 9h 48m
ETHBUSD Perpetual,0,74.60%,373.02,18d 20h 52m,18d 20h 52m
BTCUSDT Perpetual,0,74.12%,81.53,31d 16h 22m,31d 16h 22m
ATAUSDT Perpetual,0,74.10%,148.21,16d 14h 40m,16d 14h 40m
ETHBUSD Perpetual,3,74.09%,18523.84,29d 15h 4m,29d 15h 4m
BTCUSDT Perpetual,0,74.03%,148.07,14d 8h 37m,14d 8h 37m
ETHBUSD Perpetual,0,73.90%,19.08,1d 20h 15m,1d 20h 15m
BAKEUSDT Perpetual,0,73.88%,738.84,54d 2h 30m,54d 2h 30m
SNXUSDT Perpetual,1,73.69%,7369.66,25d 3h 37m,25d 3h 37m
BELUSDT Perpetual,0,73.61%,184.04,23d 2h 59m,23d 2h 59m
XRPUSDT Perpetual,0,73.61%,3.90,9d 1h 3m,9d 1h 3m
ETHUSDT Perpetual,0,73.60%,736.02,25d 22h 53m,25d 22h 53m
ETHUSDT Perpetual,0,73.50%,735.06,22d 15h 36m,22d 15h 36m
ETHUSDT Perpetual,0,73.46%,31.80,23d 20h 16m,23d 20h 16m